 Temperature       Hamiltonian       Magnetization       4th_order_cumulant
  0.250000     -2.000000      1.000000      0.666667     -2.000000      1.000000
  0.300000     -2.000004      1.000002      0.666667     -0.000004      0.000002
  0.350000     -2.000004      1.000002      0.666667     -0.000000      0.000000
  0.400000     -2.000004      1.000002      0.666667      0.000000      0.000000
  0.450000     -2.000004      1.000002      0.666667      0.000000      0.000000
  0.500000     -2.000004      1.000002      0.666667      0.000000      0.000000
  0.550000     -2.000004      1.000002      0.666667      0.000000      0.000000
  0.600000     -1.999999      1.000001      0.666667      0.000005     -0.000001
  0.650000     -1.999994      0.999999      0.666667      0.000005     -0.000001
  0.700000     -1.999961      0.999991      0.666667      0.000033     -0.000008
  0.750000     -1.999791      0.999949      0.666667      0.000170     -0.000042
  0.800000     -1.999652      0.999912      0.666666      0.000138     -0.000037
  0.850000     -1.999152      0.999787      0.666666      0.000500     -0.000125
  0.900000     -1.998714      0.999676      0.666666      0.000438     -0.000111
  0.950000     -1.998149      0.999532      0.666665      0.000565     -0.000144
  1.000000     -1.996871      0.999198      0.666664      0.001278     -0.000334
  1.050000     -1.995480      0.998827      0.666663      0.001390     -0.000371
  1.100000     -1.993099      0.998203      0.666661      0.002381     -0.000624
  1.150000     -1.991375      0.997753      0.666660      0.001724     -0.000450
  1.200000     -1.989645      0.997306      0.666659      0.001730     -0.000447
  1.250000     -1.985533      0.996237      0.666656      0.004112     -0.001070
  1.300000     -1.980293      0.994774      0.666650      0.005239     -0.001462
  1.350000     -1.976301      0.993704      0.666646      0.003993     -0.001071
  1.400000     -1.965922      0.990753      0.666636      0.010379     -0.002951
  1.450000     -1.958784      0.988628      0.666620      0.007137     -0.002125
  1.500000     -1.949665      0.986016      0.666607      0.009120     -0.002612
  1.550000     -1.940648      0.983491      0.666595      0.009017     -0.002526
  1.600000     -1.928415      0.979775      0.666582      0.012233     -0.003715
  1.650000     -1.913344      0.974695      0.666508      0.015071     -0.005080
  1.700000     -1.896822      0.969576      0.666490      0.016521     -0.005120
  1.750000     -1.883171      0.965815      0.666482      0.013651     -0.003761
  1.800000     -1.851819      0.954177      0.666371      0.031352     -0.011637
  1.850000     -1.834742      0.949104      0.666378      0.017077     -0.005074
  1.900000     -1.811385      0.940075      0.666193      0.023356     -0.009028
  1.950000     -1.780752      0.924679      0.665705      0.030634     -0.015396
  2.000000     -1.748474      0.915463      0.666028      0.032278     -0.009216
  2.050000     -1.706918      0.892791      0.665185      0.041556     -0.022673
  2.100000     -1.656000      0.868170      0.664134      0.050918     -0.024621
  2.150000     -1.576361      0.797496      0.655304      0.079639     -0.070674
  2.200000     -1.532905      0.783373      0.659056      0.043455     -0.014123
  2.250000     -1.492215      0.754707      0.650442      0.040691     -0.028666
  2.300000     -1.359507      0.545857      0.550371      0.132708     -0.208850
  2.350000     -1.284162      0.474731      0.603563      0.075345     -0.071126
  2.400000     -1.244337      0.386840      0.459029      0.039825     -0.087891
  2.450000     -1.156777     -0.177702      0.349358      0.087560     -0.564542
  2.500000     -1.111068     -0.082912      0.432182      0.045709      0.094790
  2.550000     -1.081883     -0.008557      0.394838      0.029185      0.074355
  2.600000     -1.035383      0.194790      0.391606      0.046500      0.203347
  2.650000     -0.985666      0.053100      0.090346      0.049717     -0.141690
  2.700000     -0.960010      0.048822      0.122775      0.025655     -0.004278
  2.750000     -0.929176      0.037155      0.184026      0.030835     -0.011667
  2.800000     -0.899084      0.031952     -0.043649      0.030091     -0.005203
  2.850000     -0.874479     -0.005554      0.239889      0.024605     -0.037507
  2.900000     -0.865811      0.041434      0.281922      0.008669      0.046989
  2.950000     -0.842578      0.012684      0.161544      0.023233     -0.028750
  3.000000     -0.810995     -0.007929     -0.172918      0.031583     -0.020613
  3.050000     -0.801522      0.014777     -0.539756      0.009472      0.022706
  3.100000     -0.781879     -0.012759      0.027242      0.019643     -0.027535
  3.150000     -0.766507     -0.000356      0.151493      0.015372      0.012403
  3.200000     -0.743501      0.023784      0.014599      0.023007      0.024140
  3.250000     -0.732362      0.013071      0.088599      0.011139     -0.010713
  3.300000     -0.709981      0.001558      0.064653      0.022381     -0.011513
  3.350000     -0.696779      0.022826     -0.008854      0.013202      0.021269
  3.400000     -0.681102     -0.009815      0.056605      0.015677     -0.032641
  3.450000     -0.668623     -0.004340     -0.031537      0.012479      0.005475
  3.500000     -0.661843     -0.018382      0.170121      0.006779     -0.014042
  3.550000     -0.646671      0.007677      0.099207      0.015172      0.026058
  3.600000     -0.635367      0.000819      0.038859      0.011304     -0.006858
  3.650000     -0.624596      0.006699      0.106704      0.010772      0.005881
  3.700000     -0.617148     -0.010654      0.011535      0.007448     -0.017353
  3.750000     -0.601373     -0.002024      0.079582      0.015775      0.008630
  3.800000     -0.596744      0.000636      0.064087      0.004629      0.002660
  3.850000     -0.586488     -0.002711      0.007994      0.010256     -0.003347
  3.900000     -0.569526      0.016148     -0.034947      0.016962      0.018859
  3.950000     -0.560679      0.007602      0.109024      0.008847     -0.008545
  4.000000     -0.558915      0.006111      0.144559      0.001764     -0.001491
  4.050000     -0.547000      0.001899      0.031420      0.011915     -0.004212
  4.100000     -0.537109      0.003558     -0.115936      0.009891      0.001659
  4.150000     -0.532964      0.006788      0.085543      0.004146      0.003229
  4.200000     -0.524154      0.004717     -0.070551      0.008809     -0.002070
  4.250000     -0.515588     -0.000817     -0.006829      0.008566     -0.005535
  4.300000     -0.503317      0.002366     -0.146801      0.012271      0.003183
  4.350000     -0.502899      0.004663     -0.027594      0.000418      0.002298
  4.400000     -0.495060     -0.008057     -0.022876      0.007839     -0.012720
  4.450000     -0.483734      0.005799      0.006939      0.011326      0.013856
  4.500000     -0.480600      0.003631      0.049672      0.003134     -0.002168
  4.550000     -0.478734      0.001932      0.012107      0.001866     -0.001699
  4.600000     -0.473117      0.006954     -0.004544      0.005616      0.005021
  4.650000     -0.465873     -0.007036     -0.078229      0.007245     -0.013990
  4.700000     -0.466768     -0.000244     -0.000109     -0.000896      0.006793
  4.750000     -0.456426      0.008255     -0.064426      0.010343      0.008498
  4.800000     -0.449740      0.002395     -0.115650      0.006686     -0.005860
  4.850000     -0.441849     -0.008613      0.024610      0.007891     -0.011008
  4.900000     -0.438286      0.000129      0.074238      0.003563      0.008742
  4.950000     -0.432559     -0.015255      0.068367      0.005728     -0.015384
  5.000000     -0.430106     -0.002546     -0.204726      0.002452      0.012709
  5.050000     -0.418475     -0.000021     -0.074405      0.011632      0.002525
  5.100000     -0.414734      0.006224      0.015373      0.003740      0.006245
  5.150000     -0.414642      0.004069     -0.013403      0.000092     -0.002155
  5.200000     -0.408637      0.006486     -0.053170      0.006005      0.002417
  5.250000     -0.406534      0.002397     -0.040384      0.002103     -0.004088
