 Temperature       Hamiltonian       Magnetization       4th_order_cumulant
  0.250000     -2.000000      1.000000      0.666667     -2.000000      1.000000
  0.300000     -2.000016      1.000008      0.666667     -0.000016      0.000008
  0.350000     -2.000016      1.000008      0.666667     -0.000000      0.000000
  0.400000     -2.000016      1.000008      0.666667     -0.000000      0.000000
  0.450000     -2.000014      1.000007      0.666667      0.000002     -0.000000
  0.500000     -2.000014      1.000007      0.666667      0.000000     -0.000000
  0.550000     -2.000014      1.000007      0.666667      0.000000      0.000000
  0.600000     -2.000014      1.000007      0.666667      0.000000      0.000000
  0.650000     -1.989869     -0.731852      0.665585      0.010145     -1.731859
  0.700000     -1.967902     -0.164486      0.662876      0.021967      0.567366
  0.750000     -1.957196     -0.718639      0.661472      0.010706     -0.554153
  0.800000     -1.946887     -0.963735      0.660201      0.010309     -0.245096
  0.850000     -1.942141      0.471050      0.660789      0.004745      1.434785
  0.900000     -1.883920     -0.301940      0.654050      0.058221     -0.772990
  0.950000     -1.836969      0.053911      0.647805      0.046952      0.355851
  1.000000     -1.879554      0.310589      0.655343     -0.042585      0.256678
  1.050000     -1.828895      0.136643      0.647905      0.050659     -0.173946
  1.100000     -1.775942     -0.081018      0.641494      0.052953     -0.217661
  1.150000     -1.723139     -0.014598      0.634861      0.052804      0.066419
  1.200000     -1.737011     -0.019927      0.636322     -0.013872     -0.005329
  1.250000     -1.625425     -0.026653      0.621051      0.111586     -0.006726
  1.300000     -1.592101      0.043474      0.618654      0.033324      0.070127
  1.350000     -1.576036      0.058296      0.616038      0.016065      0.014822
  1.400000     -1.513762      0.214678      0.608396      0.062274      0.156382
  1.450000     -1.463796     -0.045518      0.601700      0.049966     -0.260196
  1.500000     -1.484099      0.024048      0.604747     -0.020303      0.069566
  1.550000     -1.579287      0.008797      0.621011     -0.095188     -0.015251
  1.600000     -1.443878      0.150432      0.598401      0.135409      0.141634
  1.650000     -1.348323      0.224449      0.583959      0.095555      0.074017
  1.700000     -1.375711      0.160953      0.594409     -0.027388     -0.063496
  1.750000     -1.314060      0.256001      0.583943      0.061650      0.095048
  1.800000     -1.342086      0.082105      0.591283     -0.028026     -0.173896
  1.850000     -1.226860      0.135291      0.572356      0.115226      0.053186
  1.900000     -1.198765      0.258091      0.568792      0.028095      0.122800
  1.950000     -1.158539      0.171755      0.560180      0.040226     -0.086336
  2.000000     -1.118485      0.039079      0.553348      0.040054     -0.132677
  2.050000     -1.104223      0.022942      0.551700      0.014262     -0.016137
  2.100000     -1.068343      0.019398      0.545151      0.035880     -0.003544
  2.150000     -0.925498      0.093261      0.508981      0.142845      0.073863
  2.200000     -0.908506      0.085549      0.506315      0.016992     -0.007711
  2.250000     -0.977881     -0.001011      0.526542     -0.069375     -0.086560
  2.300000     -0.991050     -0.118068      0.539289     -0.013169     -0.117057
  2.350000     -0.963243     -0.003972      0.529911      0.027807      0.114095
  2.400000     -0.939500     -0.086518      0.530334      0.023743     -0.082546
  2.450000     -0.790244      0.000885      0.489851      0.149256      0.087403
  2.500000     -0.879167     -0.011354      0.514720     -0.088923     -0.012238
  2.550000     -0.712514     -0.015745      0.464112      0.166653     -0.004391
  2.600000     -0.831253     -0.033846      0.515717     -0.118739     -0.018101
  2.650000     -0.798788      0.025358      0.497233      0.032465      0.059204
  2.700000     -0.670277      0.033252      0.455166      0.128511      0.007894
  2.750000     -0.660585      0.024480      0.452923      0.009692     -0.008772
  2.800000     -0.700135      0.034678      0.470647     -0.039550      0.010198
  2.850000     -0.712695     -0.044047      0.481932     -0.012560     -0.078725
  2.900000     -0.676822      0.039421      0.463960      0.035873      0.083468
  2.950000     -0.676063     -0.009838      0.484762      0.000759     -0.049259
  3.000000     -0.652348     -0.000160      0.477059      0.023715      0.009679
  3.050000     -0.631033     -0.011430      0.469797      0.021315     -0.011270
  3.100000     -0.601759     -0.026450      0.458585      0.029274     -0.015021
  3.150000     -0.588663     -0.024943      0.458899      0.013097      0.001508
  3.200000     -0.571748     -0.004132      0.440504      0.016914      0.020811
  3.250000     -0.589852     -0.028936      0.460978     -0.018103     -0.024804
  3.300000     -0.580681     -0.029092      0.460813      0.009170     -0.000156
  3.350000     -0.547448      0.009655      0.448683      0.033234      0.038747
  3.400000     -0.531070      0.011461      0.443741      0.016377      0.001806
  3.450000     -0.493629     -0.028462      0.419304      0.037441     -0.039923
  3.500000     -0.512387     -0.049583      0.434513     -0.018758     -0.021121
  3.550000     -0.460786     -0.048908      0.430335      0.051601      0.000675
  3.600000     -0.463342     -0.003146      0.411291     -0.002556      0.045762
  3.650000     -0.441099     -0.052073      0.422167      0.022244     -0.048927
  3.700000     -0.466238     -0.070472      0.432745     -0.025139     -0.018399
  3.750000     -0.441752     -0.023281      0.422962      0.024485      0.047191
  3.800000     -0.428190     -0.041740      0.414718      0.013563     -0.018460
  3.850000     -0.424324     -0.023811      0.414971      0.003866      0.017930
  3.900000     -0.390885     -0.064105      0.404372      0.033439     -0.040294
  3.950000     -0.403293     -0.033249      0.405346     -0.012408      0.030856
  4.000000     -0.377245     -0.066075      0.403654      0.026048     -0.032826
  4.050000     -0.383877     -0.015414      0.399949     -0.006632      0.050661
  4.100000     -0.372913     -0.084112      0.387711      0.010963     -0.068699
  4.150000     -0.359337     -0.028969      0.373783      0.013576      0.055143
  4.200000     -0.354753     -0.029426      0.372405      0.004584     -0.000457
  4.250000     -0.351129     -0.017191      0.375756      0.003624      0.012236
  4.300000     -0.321481     -0.104139      0.376206      0.029648     -0.086948
  4.350000     -0.356569     -0.047885      0.413754     -0.035088      0.056253
  4.400000     -0.315888     -0.105413      0.374345      0.040681     -0.057528
  4.450000     -0.312835     -0.024303      0.362504      0.003053      0.081109
  4.500000     -0.318026     -0.016926      0.355235     -0.005191      0.007378
  4.550000     -0.296867     -0.097904      0.361496      0.021158     -0.080978
  4.600000     -0.288660     -0.094747      0.359304      0.008207      0.003157
  4.650000     -0.308920     -0.037003      0.387916     -0.020260      0.057744
  4.700000     -0.275040     -0.091841      0.343793      0.033880     -0.054839
  4.750000     -0.273327     -0.089493      0.345087      0.001713      0.002349
  4.800000     -0.289181     -0.039805      0.379240     -0.015854      0.049687
  4.850000     -0.252507     -0.071000      0.326830      0.036675     -0.031195
  4.900000     -0.244783     -0.057795      0.333857      0.007723      0.013205
  4.950000     -0.274883     -0.033777      0.364565     -0.030100      0.024018
  5.000000     -0.264847     -0.028015      0.363765      0.010036      0.005762
  5.050000     -0.232824     -0.065623      0.316515      0.032024     -0.037608
  5.100000     -0.226032     -0.060924      0.311023      0.006792      0.004699
  5.150000     -0.225793     -0.073270      0.305110      0.000239     -0.012346
  5.200000     -0.217938     -0.048799      0.325416      0.007856      0.024471
  5.250000     -0.231029     -0.095373      0.331837     -0.013091     -0.046574
  5.300000     -0.218123     -0.002006      0.336138      0.012906      0.093367
  5.350000     -0.213999     -0.010476      0.330646      0.004124     -0.008470
  5.400000     -0.209034     -0.075103      0.314886      0.004965     -0.064627
  5.450000     -0.205752     -0.064682      0.296866      0.003282      0.010421
  5.500000     -0.215054     -0.088069      0.319312     -0.009303     -0.023387
  5.550000     -0.196717     -0.069856      0.312933      0.018337      0.018213
  5.600000     -0.194184     -0.043614      0.317385      0.002533      0.026242
  5.650000     -0.206238     -0.091284      0.325384     -0.012055     -0.047670
  5.700000     -0.194308     -0.014173      0.330577      0.011931      0.077111
  5.750000     -0.184831     -0.053906      0.318868      0.009477     -0.039733
  5.800000     -0.186476     -0.014257      0.329360     -0.001645      0.039649
  5.850000     -0.181105     -0.013889      0.329360      0.005372      0.000368
  5.900000     -0.174985     -0.071406      0.303130      0.006119     -0.057517
  5.950000     -0.180353     -0.069300      0.290845     -0.005368      0.002106
  6.000000     -0.169930     -0.064623      0.301132      0.010423      0.004677
  6.050000     -0.164520     -0.015191      0.316798      0.005409      0.049432
  6.100000     -0.179068     -0.070427      0.292026     -0.014548     -0.055235
  6.150000     -0.166405     -0.059567      0.301606      0.012663      0.010860
  6.200000     -0.161027     -0.057031      0.296719      0.005378      0.002535
  6.250000     -0.155306     -0.016351      0.317395      0.005722      0.040681
  6.300000     -0.152809     -0.052717      0.296461      0.002496     -0.036366
  6.350000     -0.154074     -0.054893      0.299735     -0.001265     -0.002176
  6.400000     -0.151780     -0.047735      0.291278      0.002294      0.007158
  6.450000     -0.149972     -0.048165      0.289674      0.001808     -0.000430
  6.500000     -0.139828     -0.006715      0.314807      0.010144      0.041450
  6.550000     -0.143633     -0.031194      0.301221     -0.003805     -0.024479
  6.600000     -0.143784     -0.047395      0.288926     -0.000151     -0.016201
  6.650000     -0.134102     -0.005591      0.309935      0.009682      0.041804
  6.700000     -0.133104     -0.001270      0.311658      0.000998      0.004320
  6.750000     -0.131602      0.000115      0.310666      0.001502      0.001385
  6.800000     -0.130414      0.000008      0.309468      0.001187     -0.000107
  6.850000     -0.128558      0.000217      0.309233      0.001856      0.000209
  6.900000     -0.128136      0.001528      0.310038      0.000422      0.001311
  6.950000     -0.126830      0.000641      0.310264      0.001307     -0.000887
  7.000000     -0.127493     -0.002500      0.312589     -0.000663     -0.003141
  7.050000     -0.122569     -0.024226      0.279554      0.004924     -0.021726
  7.100000     -0.120353     -0.009447      0.257723      0.002216      0.014779
  7.150000     -0.118192     -0.024134      0.283837      0.002161     -0.014687
  7.200000     -0.122494     -0.028081      0.270474     -0.004302     -0.003947
  7.250000     -0.117059      0.001235      0.304492      0.005435      0.029315
  7.300000     -0.114943      0.003849      0.299961      0.002116      0.002615
  7.350000     -0.116898     -0.023488      0.272949     -0.001955     -0.027337
  7.400000     -0.110338     -0.044106      0.244321      0.006560     -0.020619
  7.450000     -0.108440     -0.043739      0.243965      0.001898      0.000367
  7.500000     -0.108610      0.002549      0.298803     -0.000169      0.046288
  7.550000     -0.103709     -0.038377      0.225909      0.004901     -0.040926
  7.600000     -0.104575     -0.020168      0.239394     -0.000866      0.018209
  7.650000     -0.099742     -0.039141      0.222618      0.004833     -0.018973
  7.700000     -0.096758     -0.037553      0.221095      0.002983      0.001587
  7.750000     -0.098401     -0.019128      0.237194     -0.001643      0.018425
  7.800000     -0.099565     -0.000563      0.295656     -0.001164      0.018565
  7.850000     -0.098526     -0.007174      0.247636      0.001040     -0.006611
  7.900000     -0.096205     -0.003923      0.241310      0.002320      0.003251
  7.950000     -0.095470      0.004686      0.290122      0.000735      0.008609
  8.000000     -0.094627      0.004619      0.288402      0.000844     -0.000067
  8.050000     -0.092484      0.003134      0.282116      0.002143     -0.001485
  8.100000     -0.090376      0.004309      0.269895      0.002108      0.001175
  8.150001     -0.094380     -0.004017      0.262548     -0.004005     -0.008326
  8.200000     -0.092940     -0.005356      0.253464      0.001441     -0.001339
  8.250000     -0.096200     -0.030644      0.245180     -0.003260     -0.025288
  8.300000     -0.094750     -0.031248      0.240680      0.001450     -0.000605
  8.350000     -0.085979      0.004670      0.258767      0.008771      0.035918
  8.400001     -0.085560      0.004639      0.257291      0.000419     -0.000031
  8.450000     -0.083878      0.003837      0.256020      0.001682     -0.000801
  8.500000     -0.083493      0.004759      0.256585      0.000385      0.000922
  8.550000     -0.083962     -0.036613      0.214025     -0.000469     -0.041373
  8.600000     -0.079634      0.005337      0.241373      0.004328      0.041950
  8.650001     -0.081681     -0.036160      0.211522     -0.002046     -0.041497
  8.700000     -0.078097      0.005778      0.236866      0.003583      0.041938
  8.750000     -0.077499      0.006016      0.237258      0.000598      0.000238
  8.800000     -0.076673      0.005819      0.237563      0.000826     -0.000197
  8.850000     -0.075932      0.005233      0.236108      0.000741     -0.000586
  8.900001     -0.075343      0.004740      0.235889      0.000589     -0.000492
  8.950000     -0.074497      0.004838      0.237792      0.000846      0.000098
  9.000000     -0.073831      0.004954      0.235828      0.000665      0.000116
  9.050000     -0.074559     -0.016310      0.205698     -0.000727     -0.021264
  9.100000     -0.073560     -0.030515      0.214861      0.000998     -0.014204
  9.150001     -0.072837     -0.029860      0.212932      0.000723      0.000654
  9.200000     -0.072078     -0.030032      0.208945      0.000760     -0.000172
  9.250000     -0.067490     -0.015895      0.171202      0.004588      0.014137
  9.300000     -0.071966     -0.030954      0.200849     -0.004476     -0.015059
  9.350000     -0.070371     -0.030609      0.206136      0.001595      0.000345
  9.400001     -0.070323     -0.017826      0.232248      0.000048      0.012783
  9.450000     -0.069888     -0.017610      0.230342      0.000435      0.000216
  9.500000     -0.069043     -0.017740      0.229243      0.000845     -0.000130
  9.550000     -0.068459     -0.014796      0.224127      0.000585      0.002944
  9.600000     -0.067331     -0.016223      0.232404      0.001128     -0.001426
  9.650001     -0.066894     -0.015771      0.231817      0.000437      0.000451
  9.700000     -0.065850     -0.014934      0.231979      0.001044      0.000838
  9.750000     -0.065234     -0.015061      0.232515      0.000615     -0.000128
  9.800000     -0.064519     -0.014815      0.233447      0.000715      0.000247
  9.850000     -0.063230     -0.015558      0.235512      0.001289     -0.000744
  9.900001     -0.058532     -0.000514      0.204130      0.004698      0.015044
  9.950000     -0.057054     -0.001138      0.200784      0.001478     -0.000624
 10.000000     -0.056461     -0.001476      0.196178      0.000593     -0.000338
