 Temperature       Hamiltonian       Magnetization       4th_order_cumulant
  0.250000     -2.000000     -1.000000      0.666667     -2.000000     -1.000000
  0.300000     -2.000250     -1.000125      0.666667     -0.000250     -0.000125
  0.350000     -2.000250     -1.000125      0.666667     -0.000000     -0.000000
  0.400000     -1.998750     -0.999750      0.666612      0.001500      0.000375
  0.450000     -1.998750     -0.999750      0.666612      0.000000      0.000000
  0.500000     -1.998750     -0.999750      0.666612      0.000000      0.000000
  0.550000     -1.989750      0.996563      0.665654      0.009000      1.996313
  0.600000     -1.959530     -0.529813      0.662868      0.030220     -1.526375
  0.650000     -1.941151     -0.613582      0.660768      0.018379     -0.083769
  0.700000     -1.914211     -0.162624      0.656990      0.026940      0.450958
  0.750000     -1.926239      0.146245      0.658411     -0.012028      0.308869
  0.800000     -1.889835     -0.036044      0.654140      0.036405     -0.182290
  0.850000     -1.900424     -0.041239      0.655439     -0.010589     -0.005195
  0.900000     -1.871050      0.019229      0.652682      0.029374      0.060468
  0.950000     -1.860578      0.018315      0.651403      0.010472     -0.000914
  1.000000     -1.843576      0.279487      0.650534      0.017001      0.261172
  1.050000     -1.789012      0.190832      0.643576      0.054565     -0.088655
  1.100000     -1.805630      0.209071      0.645414     -0.016618      0.018239
  1.150000     -1.799476     -0.020661      0.644540      0.006154     -0.229732
  1.200000     -1.789381     -0.154253      0.644971      0.010095     -0.133591
  1.250000     -1.692286     -0.076988      0.632146      0.097095      0.077265
  1.300000     -1.736993      0.213834      0.638587     -0.044707      0.290822
  1.350000     -1.555498      0.202480      0.614666      0.181494     -0.011354
  1.400000     -1.549944      0.183353      0.614388      0.005554     -0.019126
  1.450000     -1.473100      0.026320      0.603678      0.076844     -0.157034
  1.500000     -1.447715     -0.063731      0.598091      0.025385     -0.090051
  1.550000     -1.403306     -0.022508      0.590396      0.044409      0.041223
  1.600000     -1.351769      0.082778      0.582977      0.051537      0.105286
  1.650000     -1.350575      0.176292      0.584729      0.001194      0.093513
  1.700000     -1.321044      0.041788      0.580958      0.029531     -0.134504
  1.750000     -1.234853      0.018036      0.559191      0.086191     -0.023751
  1.800000     -1.251311     -0.026591      0.562403     -0.016458     -0.044628
  1.850000     -1.167219      0.007153      0.549551      0.084092      0.033744
  1.900000     -1.151490      0.019751      0.547466      0.015729      0.012598
  1.950000     -1.109925      0.081924      0.541167      0.041564      0.062173
  2.000000     -1.111607      0.053401      0.546592     -0.001682     -0.028523
  2.050000     -1.054295      0.072335      0.530345      0.057312      0.018934
  2.100000     -1.037976     -0.007725      0.531588      0.016320     -0.080060
  2.150000     -0.996817     -0.111798      0.512789      0.041158     -0.104073
  2.200000     -1.003437      0.087533      0.520545     -0.006620      0.199331
  2.250000     -0.955125      0.113667      0.509215      0.048312      0.026134
  2.300000     -0.931463      0.091155      0.494792      0.023662     -0.022512
  2.350000     -0.927491      0.129277      0.500726      0.003972      0.038122
  2.400000     -0.903585      0.052844      0.494853      0.023907     -0.076433
  2.450000     -0.874457      0.070413      0.489997      0.029128      0.017569
  2.500000     -0.813922      0.079556      0.467473      0.060535      0.009143
  2.550000     -0.772945      0.112260      0.449463      0.040976      0.032704
  2.600000     -0.774878      0.106733      0.451332     -0.001932     -0.005527
  2.650000     -0.778659      0.005779      0.458160     -0.003781     -0.100954
  2.700000     -0.777097     -0.011656      0.456717      0.001562     -0.017434
  2.750000     -0.776785      0.001170      0.455953      0.000313      0.012826
  2.800000     -0.695191      0.083078      0.427864      0.081594      0.081908
  2.850000     -0.697743      0.065573      0.428644     -0.002552     -0.017505
  2.900000     -0.712181      0.097789      0.439920     -0.014438      0.032217
  2.950000     -0.729558      0.101137      0.447093     -0.017377      0.003348
  3.000000     -0.715372      0.101419      0.445798      0.014185      0.000282
  3.050000     -0.688496      0.078388      0.442835      0.026877     -0.023031
  3.100000     -0.600617      0.012604      0.410416      0.087878     -0.065784
  3.150000     -0.591700      0.015236      0.403296      0.008917      0.002632
  3.200000     -0.581824      0.020049      0.401851      0.009876      0.004813
  3.250000     -0.576229      0.041846      0.402502      0.005595      0.021797
  3.300000     -0.574947      0.063240      0.401047      0.001282      0.021393
  3.350000     -0.572291      0.062711      0.407755      0.002656     -0.000529
  3.400000     -0.554353      0.095867      0.403442      0.017938      0.033156
  3.450000     -0.581601      0.101278      0.423955     -0.027248      0.005410
  3.500000     -0.574229      0.127153      0.412887      0.007372      0.025876
  3.550000     -0.555353      0.085672      0.404015      0.018876     -0.041481
  3.600000     -0.558382      0.058167      0.403476     -0.003029     -0.027505
  3.650000     -0.532257      0.082960      0.388899      0.026125      0.024793
  3.700000     -0.519098      0.084604      0.381092      0.013160      0.001644
  3.750000     -0.487846      0.072261      0.381846      0.031252     -0.012344
  3.800000     -0.497155      0.109165      0.383093     -0.009309      0.036905
  3.850000     -0.509531      0.093670      0.398169     -0.012376     -0.015495
  3.900000     -0.477814      0.123105      0.376918      0.031717      0.029436
  3.950000     -0.469122      0.123469      0.366356      0.008691      0.000363
  4.000000     -0.443121      0.078687      0.343669      0.026001     -0.044781
  4.050000     -0.436149      0.072744      0.340691      0.006972     -0.005943
  4.100000     -0.402273      0.067134      0.327779      0.033876     -0.005610
  4.150000     -0.387113      0.061165      0.318854      0.015160     -0.005969
  4.200000     -0.389173      0.068117      0.333961     -0.002061      0.006952
  4.250000     -0.375236      0.083680      0.314976      0.013937      0.015563
  4.300000     -0.366359      0.076823      0.311488      0.008877     -0.006857
  4.350000     -0.360452      0.086197      0.319116      0.005907      0.009374
  4.400000     -0.359733      0.088073      0.311853      0.000719      0.001876
  4.450000     -0.356576      0.098308      0.312901      0.003156      0.010235
  4.500000     -0.348076      0.098997      0.306629      0.008500      0.000689
  4.550000     -0.344575      0.093169      0.305952      0.003501     -0.005828
  4.600000     -0.345231      0.083777      0.308065     -0.000656     -0.009391
  4.650000     -0.355606      0.080229      0.309519     -0.010375     -0.003548
  4.700000     -0.324982      0.056979      0.296044      0.030624     -0.023250
  4.750000     -0.324541      0.061054      0.286972      0.000441      0.004075
  4.800000     -0.346134      0.066070      0.303343     -0.021594      0.005016
  4.850000     -0.343168      0.070149      0.298048      0.002966      0.004079
  4.900000     -0.339949      0.068899      0.294834      0.003219     -0.001249
  4.950000     -0.341636      0.060696      0.296686     -0.001687     -0.008203
  5.000000     -0.335793      0.058945      0.295091      0.005844     -0.001751
  5.050000     -0.331823      0.056226      0.292111      0.003969     -0.002719
  5.100000     -0.321979      0.047616      0.281699      0.009844     -0.008610
  5.150000     -0.295978      0.036053      0.259214      0.026001     -0.011564
  5.200000     -0.280349      0.041505      0.260989      0.015628      0.005452
  5.250000     -0.274379      0.031818      0.255322      0.005971     -0.009687
  5.300000     -0.272909      0.021988      0.270999      0.001469     -0.009829
  5.350000     -0.268565      0.020159      0.266878      0.004344     -0.001829
  5.400000     -0.246784     -0.008560      0.265676      0.021782     -0.028719
  5.450000     -0.242343     -0.010329      0.256765      0.004440     -0.001769
  5.500000     -0.227624     -0.013689      0.253258      0.014719     -0.003360
  5.550000     -0.226653     -0.014736      0.254637      0.000971     -0.001047
  5.600000     -0.223435     -0.015049      0.255486      0.003219     -0.000313
  5.650000     -0.220528     -0.015346      0.250219      0.002907     -0.000297
  5.700000     -0.238840     -0.007236      0.237323     -0.018312      0.008109
  5.750000     -0.236061     -0.006095      0.233030      0.002779      0.001142
  5.800000     -0.235248     -0.007891      0.229355      0.000813     -0.001797
  5.850000     -0.233279     -0.006907      0.227187      0.001969      0.000984
  5.900000     -0.218279     -0.024485      0.224102      0.015000     -0.017578
  5.950000     -0.210340     -0.000597      0.235827      0.007939      0.023888
  6.000000     -0.209776     -0.000453      0.235467      0.000563      0.000144
  6.050000     -0.209151     -0.001344      0.239638      0.000625     -0.000891
  6.100000     -0.209870     -0.001422      0.241466     -0.000719     -0.000078
  6.150000     -0.208901     -0.002016      0.241072      0.000969     -0.000594
  6.200000     -0.207339     -0.001422      0.237130      0.001563      0.000594
  6.250000     -0.203213      0.000453      0.233012      0.004125      0.001875
  6.300000     -0.224338     -0.002984      0.259719     -0.021124     -0.003437
  6.350000     -0.220716     -0.002000      0.260066      0.003622      0.000984
  6.400000     -0.214403      0.002000      0.262928      0.006313      0.004000
  6.450000     -0.214527      0.000625      0.262332     -0.000124     -0.001374
  6.500000     -0.208402     -0.002625      0.259194      0.006125     -0.003250
  6.550000     -0.206432     -0.002203      0.261013      0.001970      0.000421
  6.600000     -0.200338     -0.001391      0.256811      0.006094      0.000813
  6.650000     -0.193869      0.000140      0.256085      0.006470      0.001531
  6.700000     -0.193743     -0.000734      0.255217      0.000126     -0.000875
  6.750000     -0.192274     -0.002328      0.251307      0.001469     -0.001594
  6.800000     -0.192274     -0.002328      0.251307      0.000000     -0.000000
  6.850000     -0.195368      0.017453      0.259942     -0.003094      0.019781
  6.900000     -0.188806      0.015643      0.256219      0.006562     -0.001810
  6.950000     -0.184274      0.014533      0.251687      0.004532     -0.001110
  7.000000     -0.180836      0.012392      0.250684      0.003438     -0.002141
  7.050000     -0.180648      0.012564      0.250468      0.000188      0.000172
  7.100000     -0.187273      0.011752      0.259749     -0.006625     -0.000812
  7.150000     -0.187211      0.011783      0.259254      0.000062      0.000031
  7.200000     -0.200742      0.033142      0.277642     -0.013531      0.021359
  7.250000     -0.200244      0.032379      0.274972      0.000498     -0.000763
  7.300000     -0.200838      0.032426      0.273611     -0.000594      0.000047
  7.350000     -0.199775      0.030504      0.270271      0.001062     -0.001922
  7.400000     -0.196650      0.030035      0.270071      0.003125     -0.000469
  7.450000     -0.192650      0.029426      0.268101      0.004000     -0.000609
  7.500000     -0.190274      0.029847      0.262757      0.002376      0.000422
  7.550000     -0.184118      0.034301      0.257667      0.006157      0.004453
  7.600000     -0.179054      0.031473      0.255830      0.005063     -0.002828
  7.650000     -0.162647      0.044754      0.226462      0.016407      0.013281
  7.700000     -0.162989      0.044834      0.224749     -0.000342      0.000080
  7.750000     -0.163114      0.043662      0.224390     -0.000125     -0.001172
  7.800000     -0.161364      0.041130      0.220271      0.001750     -0.002531
  7.850000     -0.159895      0.041896      0.218955      0.001469      0.000765
  7.900000     -0.159895      0.041349      0.214279      0.000000     -0.000547
  7.950000     -0.156926      0.039896      0.213610      0.002969     -0.001453
  8.000000     -0.156082      0.040146      0.212825      0.000844      0.000250
  8.050000     -0.153363      0.033302      0.200949      0.002719     -0.006844
  8.100000     -0.151832      0.027129      0.213908      0.001532     -0.006173
  8.150001     -0.151206      0.027316      0.213336      0.000625      0.000187
  8.200000     -0.140488      0.046910      0.199598      0.010719      0.019594
  8.250000     -0.137861      0.046178      0.196072      0.002626     -0.000732
  8.300000     -0.138048      0.047693      0.192574     -0.000187      0.001516
  8.350000     -0.137517      0.047881      0.192003      0.000531      0.000188
  8.400001     -0.136517      0.047225      0.190672      0.001000     -0.000656
  8.450000     -0.133548      0.045412      0.183946      0.002969     -0.001813
  8.500000     -0.131704      0.044912      0.185001      0.001844     -0.000500
  8.550000     -0.132079      0.045662      0.185181     -0.000375      0.000750
  8.600000     -0.131798      0.045506      0.184197      0.000281     -0.000156
  8.650001     -0.131454      0.045474      0.185835      0.000344     -0.000031
  8.700000     -0.130610      0.044443      0.181977      0.000844     -0.001031
  8.750000     -0.128860      0.044084      0.179377      0.001750     -0.000360
  8.800000     -0.126672      0.043537      0.178647      0.002188     -0.000547
  8.850000     -0.126422      0.043349      0.178889      0.000250     -0.000188
  8.900001     -0.125110      0.046834      0.181940      0.001313      0.003484
  8.950000     -0.125422      0.045568      0.178337     -0.000312     -0.001265
  9.000000     -0.110891      0.045568      0.190927      0.014531     -0.000000
  9.050000     -0.109701      0.046521      0.189402      0.001189      0.000953
  9.100000     -0.105357      0.046381      0.186157      0.004344     -0.000141
  9.150001     -0.105482      0.046631      0.185047     -0.000124      0.000250
  9.200000     -0.104951      0.046443      0.184456      0.000531     -0.000187
  9.250000     -0.103482      0.047537      0.180508      0.001469      0.001094
  9.300000     -0.102169      0.048193      0.178691      0.001313      0.000656
  9.350000     -0.101107      0.047569      0.180657      0.001063     -0.000625
  9.400001     -0.101106      0.047568      0.180657      0.000000     -0.000000
  9.450000     -0.095075      0.050100      0.172196      0.006031      0.002531
  9.500000     -0.092887      0.049209      0.169602      0.002188     -0.000890
  9.550000     -0.092980      0.048647      0.167596     -0.000093     -0.000563
  9.600000     -0.091668      0.048803      0.172166      0.001312      0.000156
  9.650001     -0.093011      0.047569      0.169921     -0.001344     -0.001234
  9.700000     -0.091137      0.047615      0.167986      0.001875      0.000047
  9.750000     -0.093386      0.048162      0.168502     -0.002250      0.000547
  9.800000     -0.092762      0.048225      0.169682      0.000625      0.000063
  9.850000     -0.092105      0.047990      0.172545      0.000656     -0.000234
  9.900001     -0.093980      0.047115      0.170296     -0.001875     -0.000875
  9.950000     -0.088355      0.047022      0.169527      0.005625     -0.000094
 10.000000     -0.087417      0.046584      0.169485      0.000938     -0.000438
