 Temperature       Hamiltonian       Magnetization       4th_order_cumulant
  0.050000     -1.626953      0.048828      0.666667     -1.626953      0.048828
  0.100000     -1.626956      0.048828      0.666667     -0.000003      0.000000
  0.150000     -1.626956      0.048828      0.666667     -0.000000      0.000000
  0.200000     -1.626945      0.048830      0.666654      0.000011      0.000002
  0.250000     -1.661317      0.043720      0.665290     -0.034372     -0.005110
  0.300000     -1.735357      0.038971      0.648355     -0.074040     -0.004749
  0.350000     -1.812833      0.032184      0.658367     -0.077476     -0.006787
  0.400000     -1.853354      0.018322      0.636834     -0.040521     -0.013862
  0.450000     -1.876997      0.016809      0.628457     -0.023643     -0.001513
  0.500000     -1.860162      0.013761      0.629026      0.016835     -0.003048
  0.550000     -1.858726      0.013976      0.607847      0.001436      0.000215
  0.600000     -1.860805      0.012176      0.537397     -0.002079     -0.001800
  0.650000     -1.862565      0.010405      0.530216     -0.001760     -0.001771
  0.700000     -1.859382      0.012487      0.552948      0.003183      0.002082
  0.750000     -1.856411      0.013882      0.553521      0.002970      0.001395
  0.800000     -1.852858      0.015890      0.586496      0.003553      0.002008
  0.850000     -1.850196      0.016785      0.577945      0.002662      0.000895
  0.900000     -1.846229      0.017959      0.577944      0.003967      0.001175
  0.950000     -1.843471      0.018549      0.583836      0.002757      0.000589
  1.000000     -1.833589      0.020992      0.590893      0.009882      0.002443
  1.050000     -1.827589      0.022420      0.595565      0.006000      0.001428
  1.100000     -1.985020      0.004428      0.196537     -0.157431     -0.017992
  1.150000     -1.981102      0.005360      0.308499      0.003918      0.000932
  1.200000     -1.808239      0.026695      0.588284      0.172864      0.021335
  1.250000     -1.971643      0.007934      0.397095     -0.163404     -0.018762
  1.300000     -1.964506      0.009444      0.412031      0.007137      0.001510
  1.350000     -1.954740      0.011772      0.461143      0.009766      0.002327
  1.400000     -1.775538      0.032917      0.598307      0.179202      0.021146
  1.450000     -1.763731      0.034332      0.599345      0.011808      0.001415
  1.500000     -1.926258      0.017056      0.505911     -0.162528     -0.017277
  1.550000     -1.729197      0.040441      0.602019      0.197062      0.023385
  1.600000     -1.897723      0.022364      0.538553     -0.168526     -0.018077
  1.650000     -1.879595      0.025117      0.559636      0.018128      0.002753
  1.700000     -1.868078      0.026845      0.558311      0.011518      0.001728
  1.750000     -1.839784      0.031109      0.572584      0.028293      0.004264
  1.800000     -1.814987      0.034138      0.576516      0.024797      0.003028
  1.850000     -1.786497      0.037751      0.577699      0.028490      0.003613
  1.900000     -1.759440      0.041118      0.587509      0.027057      0.003367
  1.950000     -1.732444      0.044518      0.591155      0.026996      0.003400
  2.000000     -1.677617      0.049558      0.598533      0.054827      0.005040
  2.050000     -1.654264      0.052887      0.602364      0.023353      0.003329
  2.100000     -1.555743      0.061333      0.608162      0.098521      0.008446
  2.150000     -1.461467      0.069177      0.620905      0.094276      0.007845
  2.200000     -1.423899      0.071958      0.619111      0.037568      0.002781
  2.250000     -1.400698      0.074821      0.621885      0.023201      0.002862
  2.300000     -1.231999      0.088736      0.629742      0.168699      0.013915
  2.350000     -1.229531      0.088694      0.626330      0.002469     -0.000042
  2.400000     -1.170309      0.091285      0.630433      0.059221      0.002591
  2.450000     -1.143760      0.093941      0.626794      0.026549      0.002656
  2.500000     -1.096548      0.095490      0.632110      0.047212      0.001549
  2.550000     -1.053050      0.099336      0.632802      0.043498      0.003846
  2.600000     -1.034697      0.099336      0.629841      0.018353      0.000000
  2.650000     -1.018102      0.100155      0.631794      0.016595      0.000819
  2.700000     -0.975748      0.102534      0.631968      0.042354      0.002379
  2.750000     -0.946331      0.104438      0.634132      0.029417      0.001904
  2.800000     -0.920782      0.104810      0.633103      0.025549      0.000372
  2.850000     -0.908181      0.105494      0.630468      0.012601      0.000683
  2.900000     -0.894673      0.106059      0.632174      0.013508      0.000566
  2.950000     -0.886017      0.105781      0.629985      0.008655     -0.000278
  3.000000     -0.853636      0.105543      0.627588      0.032382     -0.000238
  3.050000     -0.835730      0.106818      0.631495      0.017906      0.001275
  3.100000     -0.816088      0.107190      0.628639      0.019642      0.000372
  3.150000     -0.804211      0.107617      0.627012      0.011876      0.000427
  3.200000     -0.784587      0.106676      0.627580      0.019625     -0.000941
  3.250000     -0.768766      0.108324      0.626522      0.015821      0.001648
  3.300000     -0.764748      0.107533      0.629470      0.004017     -0.000791
  3.350000     -0.749717      0.106567      0.624817      0.015032     -0.000966
  3.400000     -0.736989      0.107411      0.628995      0.012728      0.000845
  3.450000     -0.722770      0.108531      0.627326      0.014218      0.001120
  3.500000     -0.708048      0.108233      0.626564      0.014722     -0.000297
  3.550000     -0.705733      0.106796      0.627399      0.002315     -0.001438
  3.600000     -0.690356      0.108599      0.625029      0.015378      0.001804
  3.650000     -0.681133      0.107035      0.621763      0.009223     -0.001565
  3.700000     -0.672110      0.107107      0.624453      0.009023      0.000073
  3.750000     -0.659497      0.107354      0.622825      0.012613      0.000247
  3.800000     -0.652771      0.107975      0.627447      0.006726      0.000621
  3.850000     -0.641724      0.107929      0.621134      0.011047     -0.000047
  3.900000     -0.638494      0.108026      0.622991      0.003229      0.000097
  3.950000     -0.620048      0.107980      0.620429      0.018446     -0.000046
  4.000000     -0.615399      0.106463      0.621069      0.004649     -0.001516
  4.050000     -0.617885      0.106174      0.619171     -0.002486     -0.000289
  4.100000     -0.607209      0.105586      0.619950      0.010677     -0.000588
  4.150000     -0.597974      0.104497      0.615940      0.009235     -0.001089
  4.200000     -0.588028      0.105822      0.618722      0.009946      0.001325
  4.250000     -0.580690      0.103763      0.616882      0.007338     -0.002059
  4.300000     -0.573157      0.104956      0.614987      0.007532      0.001193
  4.350000     -0.568020      0.106209      0.616251      0.005137      0.001253
  4.400000     -0.561742      0.103551      0.613317      0.006278     -0.002658
  4.450000     -0.552785      0.103078      0.613705      0.008957     -0.000473
  4.500000     -0.544897      0.104803      0.616033      0.007888      0.001725
  4.550000     -0.542069      0.104712      0.614931      0.002829     -0.000091
  4.600000     -0.539010      0.103295      0.615684      0.003059     -0.001417
  4.650000     -0.528119      0.103746      0.612364      0.010891      0.000451
  4.700000     -0.522299      0.102820      0.611638      0.005820     -0.000926
  4.750000     -0.525082      0.101730      0.609557     -0.002784     -0.001090
  4.800000     -0.516600      0.101418      0.608185      0.008482     -0.000312
  4.850000     -0.505902      0.100374      0.608501      0.010699     -0.001044
  4.900000     -0.503208      0.099432      0.601011      0.002693     -0.000942
  4.950000     -0.497901      0.099486      0.609797      0.005307      0.000054
  5.000000     -0.495859      0.101860      0.608443      0.002042      0.002374
