 Temperature       Hamiltonian       Magnetization       4th_order_cumulant
  0.050000      0.035156      0.164062      0.666667      0.035156      0.164062
  0.100000      0.035156      0.164063      0.666667      0.000000      0.000000
  0.150000      0.035156      0.164063      0.666667      0.000000      0.000000
  0.200000      0.035156      0.164063      0.666667      0.000000      0.000000
  0.250000      0.035156      0.164063      0.666667      0.000000      0.000000
  0.300000      0.035156      0.164063      0.666667      0.000000      0.000000
  0.350000      0.035156      0.164063      0.666667      0.000000      0.000000
  0.400000      0.035156      0.164063      0.666667      0.000000      0.000000
  0.450000      0.035156      0.164063      0.666667      0.000000      0.000000
  0.500000      0.035156      0.164063      0.666667      0.000000      0.000000
  0.550000      0.035156      0.164063      0.666667      0.000000      0.000000
  0.600000      0.035156      0.164063      0.666667      0.000000      0.000000
  0.650000      0.035156      0.164063      0.666667      0.000000      0.000000
  0.700000      0.035156      0.164063      0.666667      0.000000      0.000000
  0.750000      0.035156      0.164063      0.666667      0.000000      0.000000
  0.800000      0.035156      0.164063      0.666667      0.000000      0.000000
  0.850000      0.035156      0.164063      0.666667      0.000000      0.000000
  0.900000      0.035156      0.164063      0.666667      0.000000      0.000000
  0.950000      0.035156      0.164063      0.666667      0.000000      0.000000
  1.000000      0.035156      0.164063      0.666667      0.000000      0.000000
  1.050000      0.035156      0.164063      0.666667      0.000000      0.000000
  1.100000      0.035156      0.164063      0.666667      0.000000      0.000000
  1.150000      0.035156      0.164063      0.666667      0.000000      0.000000
  1.200000      0.035156      0.164063      0.666667      0.000000      0.000000
  1.250000      0.035156      0.164063      0.666667      0.000000      0.000000
  1.300000      0.035156      0.164063      0.666667      0.000000      0.000000
  1.350000      0.035156      0.164063      0.666667      0.000000      0.000000
  1.400000      0.035156      0.164063      0.666667      0.000000      0.000000
  1.450000      0.035156      0.164063      0.666667      0.000000      0.000000
  1.500000      0.035156      0.164063      0.666667      0.000000      0.000000
  1.550000      0.035156      0.164063      0.666667      0.000000      0.000000
  1.600000      0.035156      0.164063      0.666667      0.000000      0.000000
  1.650000      0.035156      0.164063      0.666667      0.000000      0.000000
  1.700000      0.035156      0.164063      0.666667      0.000000      0.000000
  1.750000      0.035156      0.164063      0.666667      0.000000      0.000000
  1.800000      0.035156      0.164063      0.666667      0.000000      0.000000
  1.850000      0.035156      0.164063      0.666667      0.000000      0.000000
  1.900000      0.035156      0.164063      0.666667      0.000000      0.000000
  1.950000      0.035156      0.164063      0.666667      0.000000      0.000000
  2.000000      0.035156      0.164063      0.666667      0.000000      0.000000
  2.050000      0.035156      0.164063      0.666667      0.000000      0.000000
  2.100000      0.035156      0.164063      0.666667      0.000000      0.000000
  2.150000      0.035156      0.164063      0.666667      0.000000      0.000000
  2.200000      0.035156      0.164063      0.666667      0.000000      0.000000
  2.250000      0.035156      0.164063      0.666667      0.000000      0.000000
  2.300000      0.035156      0.164063      0.666667      0.000000      0.000000
  2.350000      0.035156      0.164063      0.666667      0.000000      0.000000
  2.400000     -1.221701     -0.000028      0.058873     -1.256857     -0.164091
  2.450000     -1.149871     -0.000549     -0.024278      0.071830     -0.000521
  2.500000     -1.087806     -0.000453     -0.010025      0.062065      0.000096
  2.550000     -1.066007      0.000157      0.021657      0.021799      0.000610
  2.600000     -1.025353      0.000146      0.035419      0.040654     -0.000011
  2.650000     -0.995255     -0.000512      0.011330      0.030097     -0.000658
  2.700000     -0.956954      0.000349      0.028701      0.038301      0.000862
  2.750000     -0.925967      0.000539      0.017287      0.030987      0.000189
  2.800000     -0.899215     -0.000257     -0.044657      0.026752     -0.000796
  2.850000     -0.885628     -0.001407      0.001508      0.013587     -0.001150
  2.900000     -0.869696      0.000173      0.032336      0.015932      0.001580
  2.950000     -0.831090      0.000096      0.020135      0.038606     -0.000077
  3.000000     -0.819564      0.000033     -0.029270      0.011527     -0.000063
  3.050000     -0.798311     -0.000419      0.000105      0.021252     -0.000452
  3.100000     -0.777395      0.000036      0.001385      0.020916      0.000455
  3.150000     -0.756660     -0.000181     -0.043776      0.020735     -0.000217
  3.200000     -0.747666     -0.000785      0.043652      0.008994     -0.000604
  3.250000     -0.734245     -0.000246     -0.028121      0.013421      0.000539
  3.300000     -0.708073     -0.000063      0.013798      0.026172      0.000183
  3.350000     -0.699950      0.000986      0.006421      0.008123      0.001049
  3.400000     -0.678913     -0.000049      0.033016      0.021038     -0.001035
  3.450000     -0.668582     -0.000573      0.010510      0.010331     -0.000524
  3.500000     -0.652965     -0.000148     -0.033258      0.015616      0.000424
  3.550000     -0.641203     -0.000153     -0.019806      0.011763     -0.000004
  3.600000     -0.636064      0.001259      0.005886      0.005139      0.001412
  3.650000     -0.623903     -0.000339     -0.026875      0.012160     -0.001598
  3.700000     -0.612568      0.000704      0.016267      0.011336      0.001043
  3.750000     -0.602613      0.000975     -0.062396      0.009955      0.000272
  3.800000     -0.594352     -0.000641      0.000025      0.008261     -0.001617
  3.850000     -0.583382      0.001039      0.034932      0.010970      0.001680
  3.900000     -0.574312     -0.000103     -0.017812      0.009070     -0.001142
  3.950000     -0.564972      0.000308      0.011641      0.009340      0.000411
  4.000000     -0.553311     -0.000113      0.025773      0.011661     -0.000421
  4.050000     -0.544558      0.000948      0.000178      0.008753      0.001061
  4.100000     -0.538805      0.000660     -0.008029      0.005753     -0.000288
  4.150000     -0.531032     -0.000316     -0.009839      0.007772     -0.000976
  4.200000     -0.524434     -0.000955     -0.015653      0.006599     -0.000639
  4.250000     -0.518862     -0.000735      0.042697      0.005572      0.000220
  4.300000     -0.509191     -0.000840      0.012016      0.009671     -0.000106
  4.350000     -0.502085     -0.000523     -0.010402      0.007106      0.000318
  4.400000     -0.497023      0.000385      0.002639      0.005062      0.000908
  4.450000     -0.492955      0.000039     -0.007114      0.004068     -0.000346
  4.500000     -0.483616      0.000670     -0.065874      0.009339      0.000631
  4.550000     -0.475741      0.000025     -0.042905      0.007875     -0.000645
  4.600000     -0.473159      0.000413     -0.013244      0.002582      0.000388
  4.650000     -0.465290     -0.000210     -0.033238      0.007868     -0.000623
  4.700000     -0.459203     -0.001253     -0.012296      0.006088     -0.001043
  4.750000     -0.450132     -0.000675     -0.019816      0.009071      0.000578
  4.800000     -0.450541     -0.000991     -0.014979     -0.000410     -0.000316
  4.850000     -0.444995     -0.002869      0.051095      0.005546     -0.001878
  4.900000     -0.437765      0.000426      0.025659      0.007231      0.003295
  4.950000     -0.428949      0.000212      0.022464      0.008816     -0.000215
  5.000000     -0.424390     -0.000846     -0.001668      0.004559     -0.001058
