 Temperature       Hamiltonian       Magnetization       4th_order_cumulant
  0.250000      0.109375      0.156250      0.666667      0.109375      0.156250
  0.300000      0.109376      0.156251      0.666667      0.000001      0.000001
  0.350000      0.109376      0.156251      0.666667      0.000000      0.000000
  0.400000      0.109376      0.156251      0.666667      0.000000      0.000000
  0.450000      0.109376      0.156251      0.666667      0.000000      0.000000
  0.500000      0.109376      0.156251      0.666667      0.000000      0.000000
  0.550000      0.109376      0.156251      0.666667      0.000000      0.000000
  0.600000      0.109376      0.156251      0.666667      0.000000      0.000000
  0.650000      0.109376      0.156251      0.666667      0.000000      0.000000
  0.700000      0.109376      0.156251      0.666667      0.000000      0.000000
  0.750000      0.109376      0.156251      0.666667      0.000000      0.000000
  0.800000      0.109376      0.156251      0.666667      0.000000      0.000000
  0.850000      0.109376      0.156251      0.666667      0.000000      0.000000
  0.900000      0.109376      0.156251      0.666667      0.000000      0.000000
  0.950000      0.109376      0.156251      0.666667      0.000000      0.000000
  1.000000      0.109376      0.156251      0.666667      0.000000      0.000000
  1.050000      0.109376      0.156251      0.666667      0.000000      0.000000
  1.100000      0.109376      0.156251      0.666667      0.000000      0.000000
  1.150000      0.109376      0.156251      0.666667      0.000000      0.000000
  1.200000      0.109376      0.156251      0.666667      0.000000      0.000000
  1.250000      0.109376      0.156251      0.666667      0.000000      0.000000
  1.300000      0.109376      0.156251      0.666667      0.000000      0.000000
  1.350000      0.109376      0.156251      0.666667      0.000000      0.000000
  1.400000      0.109376      0.156251      0.666667      0.000000      0.000000
  1.450000      0.109376      0.156251      0.666667      0.000000      0.000000
  1.500000      0.109376      0.156251      0.666667      0.000000      0.000000
  1.550000      0.109376      0.156251      0.666667      0.000000      0.000000
  1.600000      0.109376      0.156251      0.666667      0.000000      0.000000
  1.650000      0.109376      0.156251      0.666667      0.000000      0.000000
  1.700000      0.109376      0.156251      0.666667      0.000000      0.000000
  1.750000      0.109376      0.156251      0.666667      0.000000      0.000000
  1.800000      0.109376      0.156251      0.666667      0.000000      0.000000
  1.850000      0.109376      0.156251      0.666667      0.000000      0.000000
  1.900000      0.109376      0.156251      0.666667      0.000000      0.000000
  1.950000      0.109376      0.156251      0.666667      0.000000      0.000000
  2.000000      0.109376      0.156251      0.666667      0.000000      0.000000
  2.050000     -2.912296     -0.981610      0.666460     -3.021672     -1.137861
  2.100000     -2.896204     -0.978240      0.666405      0.016091      0.003370
  2.150000     -2.884505     -0.975494      0.666321      0.011699      0.002745
  2.200000     -2.870145     -0.972409      0.666287      0.014360      0.003085
  2.250000     -2.860132     -0.970104      0.666177      0.010013      0.002305
  2.300000     -2.843077     -0.966684      0.666272      0.017055      0.003419
  2.350000     -2.826148     -0.962726      0.666185      0.016929      0.003958
  2.400000     -2.800886     -0.956980      0.666088      0.025262      0.005746
  2.450000     -2.784892     -0.953540      0.666007      0.015994      0.003439
  2.500000     -2.771394     -0.950070      0.665921      0.013498      0.003470
  2.550000     -2.752038     -0.945208      0.665808      0.019356      0.004862
  2.600000     -2.721354     -0.938344      0.665684      0.030684      0.006864
  2.650000     -2.697696     -0.932876      0.665573      0.023657      0.005468
  2.700000     -2.661013     -0.923673      0.665167      0.036684      0.009203
  2.750000     -2.642761     -0.919452      0.665165      0.018252      0.004221
  2.800000     -2.632190     -0.916744      0.665203      0.010570      0.002707
  2.850000     -2.599694     -0.908142      0.664764      0.032496      0.008602
  2.900000     -2.566206     -0.900921      0.664737      0.033488      0.007221
  2.950000     -2.521465     -0.888241      0.664140      0.044742      0.012680
  3.000000     -2.485599     -0.879658      0.663946      0.035866      0.008582
  3.050000     -2.463530     -0.873800      0.663550      0.022069      0.005858
  3.100000     -2.427573     -0.864624      0.663722      0.035957      0.009176
  3.150000     -2.391581     -0.854338      0.663458      0.035992      0.010285
  3.200000     -2.364062     -0.847563      0.663090      0.027520      0.006775
  3.250000     -2.328321     -0.837626      0.662717      0.035741      0.009937
  3.300000     -2.284923     -0.826560      0.662253      0.043398      0.011066
  3.350000     -2.238799     -0.813315      0.661499      0.046124      0.013245
  3.400000     -2.250719     -0.816973      0.661455     -0.011920     -0.003658
  3.450000     -2.190076     -0.798553      0.660958      0.060642      0.018420
  3.500000     -2.138895     -0.784966      0.659947      0.051181      0.013586
  3.550000     -2.133235     -0.782579      0.659145      0.005660      0.002387
  3.600000     -2.060984     -0.760299      0.658596      0.072252      0.022280
  3.650000     -2.030374     -0.753056      0.658299      0.030610      0.007243
  3.700000     -2.007440     -0.745818      0.658404      0.022933      0.007237
  3.750000     -1.960886     -0.730956      0.656778      0.046554      0.014862
  3.800000     -1.914689     -0.718825      0.656330      0.046197      0.012132
  3.850000     -1.894725     -0.709974      0.655232      0.019964      0.008851
  3.900000     -1.866692     -0.701989      0.655839      0.028033      0.007985
  3.950000     -1.825031     -0.693542      0.653905      0.041661      0.008447
  4.000000     -1.802129     -0.683171      0.653893      0.022902      0.010371
  4.050000     -1.760455     -0.667840      0.652043      0.041674      0.015331
  4.100000     -1.741511     -0.661500      0.652459      0.018944      0.006340
  4.150000     -1.704697     -0.651954      0.650929      0.036813      0.009546
  4.200000     -1.657998     -0.637767      0.651541      0.046699      0.014187
  4.250000     -1.653793     -0.635302      0.648070      0.004205      0.002464
  4.300000     -1.615392     -0.623239      0.653407      0.038400      0.012063
  4.350000     -1.558034     -0.602992      0.646951      0.057359      0.020248
  4.400000     -1.564968     -0.606552      0.647379     -0.006934     -0.003561
  4.450000     -1.488974     -0.578950      0.642432      0.075994      0.027602
  4.500000     -1.461807     -0.569922      0.642834      0.027166      0.009028
  4.550000     -1.406180     -0.549845      0.636936      0.055627      0.020077
  4.600000     -1.397092     -0.549189      0.640320      0.009089      0.000656
  4.650000     -1.388788     -0.545261      0.644131      0.008304      0.003928
  4.700000     -1.362033     -0.535374      0.639914      0.026756      0.009887
  4.750000     -1.366402     -0.538739      0.640990     -0.004370     -0.003366
  4.800000     -1.335907     -0.526098      0.634595      0.030495      0.012641
  4.850000     -1.321726     -0.520681      0.633930      0.014181      0.005417
  4.900000     -1.245502     -0.489115      0.626680      0.076224      0.031566
  4.950000     -1.261105     -0.498221      0.633758     -0.015602     -0.009106
  5.000000     -1.220358     -0.484946      0.628603      0.040746      0.013275
  5.050000     -1.206980     -0.480268      0.628121      0.013378      0.004679
  5.100000     -1.167906     -0.465103      0.628481      0.039074      0.015165
  5.150000     -1.140729     -0.454318      0.627542      0.027178      0.010785
  5.200000     -1.121745     -0.447259      0.621152      0.018984      0.007059
  5.250000     -1.090614     -0.436151      0.623475      0.031130      0.011107
  5.300000     -1.082969     -0.435157      0.623978      0.007645      0.000995
  5.350000     -1.097141     -0.441086      0.624806     -0.014172     -0.005929
  5.400000     -1.081674     -0.430685      0.608921      0.015468      0.010401
  5.450000     -1.041626     -0.418223      0.616431      0.040047      0.012462
  5.500000     -1.011621     -0.405773      0.614732      0.030006      0.012450
  5.550000     -1.031802     -0.413140      0.617849     -0.020181     -0.007367
  5.600000     -0.985264     -0.391655      0.605527      0.046538      0.021485
  5.650000     -0.964249     -0.387429      0.600363      0.021015      0.004226
  5.700000     -0.972962     -0.389490      0.610948     -0.008713     -0.002060
  5.750000     -0.954155     -0.382543      0.607498      0.018807      0.006947
  5.800000     -0.943218     -0.382231      0.608802      0.010937      0.000312
  5.850000     -0.931910     -0.377016      0.610295      0.011308      0.005215
  5.900000     -0.911112     -0.366709      0.604041      0.020799      0.010307
  5.950000     -0.899324     -0.361054      0.594095      0.011788      0.005654
  6.000000     -0.889424     -0.358202      0.594928      0.009900      0.002852
  6.050000     -0.863979     -0.345385      0.597093      0.025445      0.012818
  6.100000     -0.840345     -0.339222      0.590399      0.023634      0.006163
  6.150000     -0.838443     -0.337958      0.593200      0.001902      0.001264
  6.200000     -0.847821     -0.343040      0.589962     -0.009379     -0.005082
  6.250000     -0.819503     -0.327658      0.588297      0.028319      0.015382
  6.300000     -0.802353     -0.324251      0.595251      0.017149      0.003407
  6.350000     -0.818232     -0.334411      0.600607     -0.015879     -0.010160
  6.400000     -0.777740     -0.310455      0.578507      0.040492      0.023956
  6.450000     -0.777375     -0.312439      0.575537      0.000365     -0.001984
  6.500000     -0.740228     -0.296530      0.576222      0.037148      0.015909
  6.550000     -0.749665     -0.301128      0.585250     -0.009437     -0.004598
  6.600000     -0.740843     -0.298368      0.574750      0.008822      0.002760
  6.650000     -0.741806     -0.298680      0.581600     -0.000963     -0.000311
  6.700000     -0.744219     -0.300251      0.580996     -0.002413     -0.001572
  6.750000     -0.721324     -0.290962      0.573902      0.022895      0.009290
  6.800000     -0.722161     -0.288845      0.569655     -0.000838      0.002116
  6.850000     -0.708384     -0.285518      0.558833      0.013778      0.003327
  6.900000     -0.681133     -0.276961      0.569270      0.027250      0.008557
  6.950000     -0.697082     -0.284058      0.577753     -0.015949     -0.007097
  7.000000     -0.685661     -0.277610      0.558982      0.011421      0.006447
  7.050000     -0.678614     -0.273865      0.560855      0.007047      0.003745
  7.100000     -0.677899     -0.275927      0.561501      0.000715     -0.002062
  7.150000     -0.627281     -0.245354      0.538473      0.050618      0.030572
  7.200000     -0.650136     -0.256588      0.547836     -0.022854     -0.011234
  7.250000     -0.630113     -0.253670      0.545479      0.020023      0.002918
  7.300000     -0.649137     -0.258213      0.544850     -0.019024     -0.004543
  7.350000     -0.629745     -0.250424      0.552688      0.019392      0.007789
  7.400000     -0.629563     -0.252790      0.561287      0.000181     -0.002366
  7.450000     -0.621784     -0.247645      0.546247      0.007779      0.005145
  7.500000     -0.613668     -0.245447      0.550741      0.008116      0.002198
  7.550000     -0.591941     -0.235404      0.530306      0.021726      0.010044
  7.600000     -0.570855     -0.225658      0.533505      0.021087      0.009746
  7.650000     -0.591107     -0.235134      0.535615     -0.020253     -0.009476
  7.700000     -0.579965     -0.235216      0.535211      0.011142     -0.000082
  7.750000     -0.573605     -0.226660      0.529435      0.006360      0.008557
  7.800000     -0.574413     -0.229503      0.531527     -0.000808     -0.002844
  7.850000     -0.562866     -0.225216      0.537191      0.011547      0.004287
  7.900000     -0.567262     -0.221658      0.523784     -0.004396      0.003559
  7.950000     -0.558826     -0.220924      0.526880      0.008436      0.000734
  8.000000     -0.541778     -0.215728      0.525597      0.017048      0.005196
  8.050000     -0.540834     -0.212090      0.498809      0.000943      0.003638
  8.100000     -0.556702     -0.220381      0.530458     -0.015868     -0.008292
  8.150001     -0.543850     -0.218569      0.522480      0.012852      0.001813
  8.200000     -0.534208     -0.213201      0.518864      0.009642      0.005368
  8.250000     -0.525754     -0.210169      0.512897      0.008454      0.003032
  8.300000     -0.519831     -0.209174      0.520054      0.005924      0.000994
  8.350000     -0.505613     -0.201639      0.510510      0.014217      0.007535
  8.400001     -0.516358     -0.206776      0.529238     -0.010745     -0.005136
  8.450000     -0.493365     -0.195740      0.505928      0.022994      0.011036
  8.500000     -0.516607     -0.206640      0.500301     -0.023242     -0.010900
  8.550000     -0.503018     -0.198588      0.509082      0.013589      0.008052
  8.600000     -0.489851     -0.192695      0.497561      0.013167      0.005892
  8.650001     -0.482330     -0.186161      0.460912      0.007522      0.006535
  8.700000     -0.482282     -0.190026      0.467874      0.000047     -0.003865
  8.750000     -0.480333     -0.189236      0.481853      0.001950      0.000790
  8.800000     -0.477510     -0.189292      0.487402      0.002823     -0.000057
  8.850000     -0.459996     -0.179336      0.451659      0.017514      0.009956
  8.900001     -0.473127     -0.184131      0.465399     -0.013131     -0.004795
  8.950000     -0.473022     -0.187396      0.481084      0.000106     -0.003265
  9.000000     -0.443048     -0.171099      0.476226      0.029974      0.016297
  9.050000     -0.461543     -0.179858      0.484777     -0.018496     -0.008758
  9.100000     -0.466954     -0.185205      0.480981     -0.005410     -0.005348
  9.150001     -0.462512     -0.180544      0.466898      0.004442      0.004661
  9.200000     -0.454300     -0.177362      0.466868      0.008212      0.003182
  9.250000     -0.450005     -0.179278      0.469522      0.004295     -0.001916
  9.300000     -0.446513     -0.172871      0.442680      0.003492      0.006406
  9.350000     -0.437431     -0.172469      0.476302      0.009082      0.000403
  9.400001     -0.421486     -0.160040      0.455376      0.015945      0.012429
  9.450000     -0.408044     -0.158472      0.439911      0.013443      0.001568
  9.500000     -0.425319     -0.165110      0.445264     -0.017275     -0.006638
  9.550000     -0.419859     -0.162951      0.460287      0.005460      0.002159
  9.600000     -0.431161     -0.168754      0.451411     -0.011301     -0.005803
  9.650001     -0.423178     -0.166523      0.463908      0.007983      0.002231
  9.700000     -0.408718     -0.158619      0.442916      0.014460      0.007904
  9.750000     -0.422959     -0.168598      0.447606     -0.014240     -0.009979
  9.800000     -0.407985     -0.157636      0.459065      0.014974      0.010963
  9.850000     -0.410510     -0.159753      0.457231     -0.002526     -0.002118
  9.900001     -0.418769     -0.163542      0.459203     -0.008258     -0.003788
  9.950000     -0.412811     -0.163117      0.448483      0.005958      0.000424
 10.000000     -0.401780     -0.154317      0.420068      0.011031      0.008800
