 Temperature       Hamiltonian       Magnetization       4th_order_cumulant
  0.250000     -2.000000      1.000000      0.666667     -2.000000      1.000000
  0.300000     -2.000250      1.000125      0.666667     -0.000250      0.000125
  0.350000     -2.000250      1.000125      0.666667     -0.000000      0.000000
  0.400000     -2.000250      1.000125      0.666667     -0.000000      0.000000
  0.450000     -2.000250      1.000125      0.666667     -0.000000      0.000000
  0.500000     -2.000250      1.000125      0.666667      0.000000      0.000000
  0.550000     -2.000250      1.000125      0.666667      0.000000      0.000000
  0.600000     -2.000250      1.000125      0.666667      0.000000      0.000000
  0.650000     -2.000250      1.000125      0.666667      0.000000      0.000000
  0.700000     -2.000250      1.000125      0.666667      0.000000      0.000000
  0.750000     -2.000250      1.000125      0.666667      0.000000      0.000000
  0.800000     -1.998750      0.999750      0.666612      0.001500     -0.000375
  0.850000     -1.998750      0.999750      0.666612      0.000000     -0.000000
  0.900000     -1.998750      0.999750      0.666612      0.000000     -0.000000
  0.950000     -1.996187      0.999016      0.666464      0.002563     -0.000734
  1.000000     -1.995343      0.998844      0.666456      0.000844     -0.000172
  1.050000     -1.992343      0.998094      0.666348      0.003000     -0.000750
  1.100000     -1.992343      0.998094      0.666348      0.000000     -0.000000
  1.150000     -1.990218      0.997562      0.666271      0.002125     -0.000531
  1.200000     -1.986686      0.996703      0.666159      0.003532     -0.000859
  1.250000     -1.987498      0.996906      0.666188     -0.000812      0.000203
  1.300000     -1.986561      0.996671      0.666155      0.000937     -0.000234
  1.350000     -1.983405      0.995812      0.666002      0.003156     -0.000859
  1.400000     -1.979342     -0.994376      0.665758      0.004063     -1.990188
  1.450000     -1.972935     -0.992843      0.665430      0.006407      0.001532
  1.500000     -1.965934     -0.991015      0.665145      0.007001      0.001828
  1.550000     -1.954964     -0.987936      0.664538      0.010970      0.003078
  1.600000     -1.926963     -0.979795      0.662909      0.028001      0.008141
  1.650000     -1.913897     -0.975904      0.661935      0.013066      0.003892
  1.700000     -1.885552     -0.966856      0.659668      0.028345      0.009047
  1.750000     -1.895892     -0.970761      0.661091     -0.010340     -0.003905
  1.800000     -1.888143     -0.969121      0.660982      0.007749      0.001640
  1.850000     -1.854830     -0.946746      0.657399      0.033313      0.022375
  1.900000     -1.831326     -0.935728      0.650437      0.023504      0.011018
  1.950000     -1.815260     -0.032914      0.651240      0.016065      0.902814
  2.000000     -1.810102      0.211246      0.651959      0.005158      0.244160
  2.050000     -1.701976     -0.714911      0.636988      0.108126     -0.926157
  2.100000     -1.659681      0.856786      0.628763      0.042295      1.571697
  2.150000     -1.617426      0.115216      0.617809      0.042255     -0.741569
  2.200000     -1.612671     -0.064236      0.617137      0.004755     -0.179452
  2.250000     -1.544889      0.329617      0.604589      0.067782      0.393853
  2.300000     -1.495349     -0.378006      0.599584      0.049540     -0.707623
  2.350000     -1.476124      0.673171      0.595549      0.019225      1.051177
  2.400000     -1.439591      0.560819      0.585838      0.036534     -0.112353
  2.450000     -1.381992     -0.358664      0.580463      0.057598     -0.919483
  2.500000     -1.394548     -0.098185      0.587516     -0.012555      0.260479
  2.550000     -1.383331     -0.030465      0.588342      0.011217      0.067720
  2.600000     -1.420267     -0.099613      0.593699     -0.036936     -0.069148
  2.650000     -1.357928     -0.014122      0.581987      0.062339      0.085491
  2.700000     -1.296857     -0.126689      0.566210      0.061070     -0.112567
  2.750000     -1.251756      0.095687      0.557894      0.045101      0.222377
  2.800000     -1.215969     -0.246113      0.553988      0.035787     -0.341800
  2.850000     -1.077871     -0.000875      0.500302      0.138098      0.245239
  2.900000     -1.102541     -0.162766      0.510203     -0.024670     -0.161891
  2.950000     -1.133888     -0.084942      0.527619     -0.031347      0.077824
  3.000000     -1.103423     -0.013339      0.508752      0.030465      0.071603
  3.050000     -1.020013      0.073967      0.502325      0.083410      0.087306
  3.100000     -0.961971      0.144915      0.455020      0.058042      0.070948
  3.150000     -0.977745     -0.147998      0.469964     -0.015774     -0.292913
  3.200000     -0.937435      0.043528      0.453364      0.040311      0.191526
  3.250000     -0.829711      0.043427      0.392526      0.107724     -0.000101
  3.300000     -0.861291     -0.058713      0.414985     -0.031580     -0.102141
  3.350000     -0.823639     -0.101960      0.391098      0.037652     -0.043247
  3.400000     -0.767415     -0.009466      0.379920      0.056223      0.092495
  3.450000     -0.708502      0.117389      0.360115      0.058913      0.126855
  3.500000     -0.772182      0.030327      0.373495     -0.063680     -0.087062
  3.550000     -0.780722     -0.080684      0.386051     -0.008539     -0.111011
  3.600000     -0.743535      0.095037      0.344910      0.037186      0.175720
  3.650000     -0.720312      0.084340      0.319026      0.023223     -0.010697
  3.700000     -0.668340     -0.097989      0.336728      0.051972     -0.182329
  3.750000     -0.675302      0.037925      0.328570     -0.006962      0.135915
  3.800000     -0.643272     -0.059120      0.280481      0.032030     -0.097046
  3.850000     -0.587455      0.068383      0.228487      0.055817      0.127503
  3.900000     -0.648105     -0.035616      0.297405     -0.060649     -0.104000
  3.950000     -0.661487     -0.001989      0.338420     -0.013383      0.033628
  4.000000     -0.620051     -0.028078      0.282168      0.041436     -0.026090
  4.050000     -0.674078     -0.063207      0.333636     -0.054026     -0.035128
  4.100000     -0.654053     -0.019524      0.319938      0.020024      0.043683
  4.150000     -0.649301     -0.068924      0.305929      0.004753     -0.049401
  4.200000     -0.569894      0.104460      0.309546      0.079407      0.173384
  4.250000     -0.589790     -0.039909      0.311525     -0.019896     -0.144369
  4.300000     -0.561824      0.067636      0.286924      0.027966      0.107544
  4.350000     -0.540758     -0.002742      0.237427      0.021066     -0.070377
  4.400000     -0.568974     -0.143172      0.302176     -0.028216     -0.140431
  4.450000     -0.554540      0.057529      0.279014      0.014434      0.200701
  4.500000     -0.488538     -0.006727      0.211751      0.066002     -0.064256
  4.550000     -0.469999      0.010296      0.227048      0.018540      0.017023
  4.600000     -0.538121      0.052642      0.268366     -0.068123      0.042346
  4.650000     -0.508817      0.054475      0.225401      0.029304      0.001833
  4.700000     -0.479157      0.015101      0.192762      0.029660     -0.039375
  4.750000     -0.481904     -0.001467      0.231581     -0.002746     -0.016567
  4.800000     -0.467279     -0.005078      0.255879      0.014625     -0.003611
  4.850000     -0.442808      0.015843      0.188959      0.024471      0.020921
  4.900000     -0.442868      0.062205      0.152959     -0.000059      0.046362
  4.950000     -0.474962     -0.026289      0.218090     -0.032094     -0.088494
  5.000000     -0.448184     -0.019316      0.179921      0.026777      0.006973
  5.050000     -0.450056     -0.046049      0.189826     -0.001872     -0.026734
  5.100000     -0.439181      0.001713      0.186013      0.010875      0.047762
  5.150000     -0.443024     -0.026844      0.189643     -0.003842     -0.028557
  5.200000     -0.443462     -0.020863      0.211202     -0.000438      0.005981
  5.250000     -0.398337      0.025622      0.165450      0.045125      0.046485
  5.300000     -0.438112     -0.030466      0.205791     -0.039776     -0.056088
  5.350000     -0.419180      0.038371      0.211997      0.018933      0.068837
  5.400000     -0.418427     -0.018026      0.204056      0.000752     -0.056398
  5.450000     -0.424865     -0.032143      0.157983     -0.006437     -0.014116
  5.500000     -0.405147      0.010293      0.213098      0.019718      0.042436
  5.550000     -0.376269      0.021533      0.162942      0.028877      0.011240
  5.600000     -0.396391      0.057190      0.201767     -0.020121      0.035658
  5.650000     -0.403768      0.028117      0.145612     -0.007378     -0.029074
  5.700000     -0.386425      0.001800      0.197123      0.017343     -0.026316
  5.750000     -0.379298      0.034828      0.156767      0.007127      0.033028
  5.800000     -0.391047      0.044426      0.202075     -0.011749      0.009598
  5.850000     -0.343518      0.023240      0.146786      0.047530     -0.021186
  5.900000     -0.369480     -0.002247      0.138631     -0.025963     -0.025487
  5.950000     -0.353921      0.039984      0.139948      0.015559      0.042231
  6.000000     -0.369825      0.013083      0.171221     -0.015904     -0.026901
  6.050000     -0.336640     -0.016733      0.176154      0.033186     -0.029816
  6.100000     -0.361480      0.048795      0.159269     -0.024840      0.065528
  6.150000     -0.363514     -0.012385      0.153709     -0.002034     -0.061179
  6.200000     -0.365952     -0.007939      0.154117     -0.002438      0.004445
  6.250000     -0.384046     -0.028392      0.194594     -0.018094     -0.020453
  6.300000     -0.344798     -0.019113      0.129053      0.039248      0.009279
  6.350000     -0.357731     -0.016174      0.162640     -0.012933      0.002939
  6.400000     -0.318263      0.009420      0.127500      0.039467      0.025594
  6.450000     -0.319165     -0.009499      0.149337     -0.000901     -0.018919
  6.500000     -0.313790      0.035811      0.143358      0.005375      0.045310
  6.550000     -0.331695     -0.011464      0.110595     -0.017906     -0.047276
  6.600000     -0.349260      0.016999      0.117039     -0.017565      0.028463
  6.650000     -0.332294     -0.025248      0.173887      0.016967     -0.042246
  6.700000     -0.310104      0.003903      0.177732      0.022190      0.029151
  6.750000     -0.293039     -0.018203      0.127796      0.017065     -0.022106
  6.800000     -0.279380     -0.027299      0.141761      0.013658     -0.009097
  6.850000     -0.338285      0.016887      0.161172     -0.058905      0.044186
  6.900000     -0.295355      0.007768      0.160786      0.042930     -0.009119
  6.950000     -0.286131     -0.018046      0.101483      0.009224     -0.025814
  7.000000     -0.269848      0.011857      0.083445      0.016282      0.029903
  7.050000     -0.275065     -0.015061      0.119358     -0.005217     -0.026918
  7.100000     -0.305034     -0.031643      0.105059     -0.029969     -0.016581
  7.150000     -0.285569      0.025574      0.042547      0.019465      0.057217
  7.200000     -0.275504      0.014363      0.086310      0.010065     -0.011212
  7.250000     -0.278628      0.000971      0.083156     -0.003124     -0.013392
  7.300000     -0.290691      0.026281      0.093028     -0.012063      0.025311
  7.350000     -0.296661      0.042581      0.119613     -0.005970      0.016300
  7.400000     -0.272943     -0.004573      0.145247      0.023718     -0.047154
  7.450000     -0.302503      0.005546      0.133723     -0.029560      0.010119
  7.500000     -0.272757     -0.016999      0.088655      0.029746     -0.022546
  7.550000     -0.298909     -0.010143      0.125312     -0.026153      0.006857
  7.600000     -0.284975      0.024608      0.143620      0.013934      0.034751
  7.650000     -0.270379      0.026769      0.112636      0.014595      0.002161
  7.700000     -0.260784     -0.005309      0.122822      0.009596     -0.032078
  7.750000     -0.286533      0.030327      0.090166     -0.025749      0.035637
  7.800000     -0.255598      0.029332      0.132176      0.030934     -0.000996
  7.850000     -0.264751     -0.004356      0.100029     -0.009152     -0.033688
  7.900000     -0.266814      0.054374      0.089326     -0.002064      0.058730
  7.950000     -0.265065     -0.060868      0.149510      0.001750     -0.115243
  8.000000     -0.261689     -0.010539      0.049376      0.003375      0.050329
  8.050000     -0.248439      0.009327      0.116349      0.013250      0.019866
  8.100000     -0.249937      0.055892      0.141136     -0.001498      0.046565
  8.150001     -0.251250      0.039882      0.128324     -0.001313     -0.016010
  8.200000     -0.257250      0.003317      0.098613     -0.006000     -0.036565
  8.250000     -0.254626     -0.007921      0.104886      0.002624     -0.011239
  8.300000     -0.263407     -0.008423      0.129303     -0.008781     -0.000501
  8.350000     -0.243720     -0.007532      0.069997      0.019686      0.000891
  8.400001     -0.252374      0.009312      0.088390     -0.008654      0.016844
  8.450000     -0.239969      0.008689      0.034414      0.012405     -0.000623
  8.500000     -0.245717     -0.022671      0.122085     -0.005748     -0.031359
  8.550000     -0.229281     -0.001847      0.108936      0.016437      0.020824
  8.600000     -0.249779      0.016844      0.122461     -0.020498      0.018690
  8.650001     -0.233937      0.008377      0.150919      0.015841     -0.008466
  8.700000     -0.240092     -0.012936      0.117472     -0.006154     -0.021314
  8.750000     -0.251030      0.028717      0.061924     -0.010938      0.041654
  8.800000     -0.235500      0.007566      0.102795      0.015530     -0.021151
  8.850000     -0.237498      0.000673      0.088442     -0.001998     -0.006893
  8.900001     -0.223123      0.008438      0.084661      0.014375      0.007765
  8.950000     -0.224028      0.022251      0.094340     -0.000904      0.013813
  9.000000     -0.228247      0.028518      0.072187     -0.004219      0.006267
  9.050000     -0.235716     -0.008543      0.048377     -0.007469     -0.037062
  9.100000     -0.193998      0.006405      0.035451      0.041718      0.014948
  9.150001     -0.211118     -0.019515      0.114639     -0.017120     -0.025920
  9.200000     -0.228558      0.034029      0.159507     -0.017440      0.053544
  9.250000     -0.234841      0.009207      0.060925     -0.006283     -0.024821
  9.300000     -0.263154      0.033532      0.096618     -0.028313      0.024325
  9.350000     -0.191314      0.010801      0.064520      0.071840     -0.022731
  9.400001     -0.247368      0.017814      0.096313     -0.056054      0.007013
  9.450000     -0.215093      0.009424      0.106402      0.032274     -0.008390
  9.500000     -0.239621     -0.001780      0.111686     -0.024527     -0.011204
  9.550000     -0.214061      0.032109      0.049206      0.025559      0.033889
  9.600000     -0.209808     -0.009324      0.013287      0.004253     -0.041433
  9.650001     -0.210839     -0.011267      0.113274     -0.001031     -0.001943
  9.700000     -0.192964      0.004842      0.095772      0.017875      0.016109
  9.750000     -0.193805     -0.034984      0.095331     -0.000842     -0.039826
  9.800000     -0.211305     -0.005129      0.103975     -0.017500      0.029854
  9.850000     -0.181433      0.003531      0.056508      0.029873      0.008660
  9.900001     -0.198398     -0.012984      0.120730     -0.016965     -0.016515
  9.950000     -0.189650     -0.059423      0.049769      0.008748     -0.046440
 10.000000     -0.203492      0.006883      0.057551     -0.013843      0.066307
